804217536 0 -1 -1 -1 -1-11 h:15
084217536 1 -1 -1 -1 -1-11 h:16
284017536 2 -1 -1 -1 -1-11 h:15
284107536 3 -1 -1 -1 -1-11 h:14
284107536 4 5 6 7 8-11 h:14
204187536 5 -1 -1 9 1011 h:13
284137506 6 -1 -1 -1 -121 h:13
284017536 7 -1 -1 -1 -131 h:15
284170536 8 -1 -1 -1 -141 h:13
024187536 9 -1 11 -1 -131 h:12
240187536 10 -1 -1 -1 -141 h:14
124087536 11 -1 12 -1 1321 h:11
124587036 12 -1 -1 -1 -121 h:12
124807536 13 14 15 -1 1641 h:10
104827536 14 -1 -1 -1 -111 h:11
124837506 15 -1 -1 17 182 h:29
124870536 16 -1 -1 -1 -14 h:49
124837056 17 19 -1 -1 -13 h:38
124837560 18 -1 -1 -1 -14 h:48
124037856 19 20 -1 -1 211 h:19
024137856 20 -1 -1 -1 2211 h:10
124307856 21 -1 -1 -1 -141 h:10
204137856 22 -1 23 -1 2441 h:11
234107856 23 -1 25 26 2721 h:10
240137856 24 -1 -1 -1 -141 h:12
234157806 25 -1 -1 -1 -121 h:11
234017856 26 -1 -1 -1 -131 h:11
234170856 27 28 29 -1 -14 h:49
230174856 28 -1 -1 30 -11 h:18
234176850 29 -1 -1 -1 -121 h:10
203174856 30 -1 31 32 -13 h:37
273104856 31 -1 -1 -1 -12 h:28
023174856 32 -1 33 -1 -13 h:36
123074856 33 -1 34 -1 352 h:25
123874056 34 -1 -1 -1 362 h:24
123704856 35 -1 -1 -1 -14 h:44
123874506 36 37 -1 -1 384 h:45
123804576 37 39 -1 40 411 h:14
123874560 38 -1 -1 -1 -14 h:44
103824576 39 -1 -1 42 431 h:15
123084576 40 -1 -1 -1 -13 h:35
123840576 41 -1 -1 -1 -14 h:45
013824576 42 -1 44 -1 -13 h:36
130824576 43 -1 -1 -1 -14 h:46
813024576 44 -1 45 -1 462 h:27
813524076 45 -1 -1 -1 472 h:28
813204576 46 -1 -1 -1 -14 h:48
813524706 47 48 -1 -1 494 h:47
813504726 48 -1 -1 -1 -11 h:18
813524760 49 50 -1 -1 -14 h:46
813520764 50 51 -1 52 -11 h:17
810523764 51 -1 -1 53 -11 h:18
813502764 52 -1 -1 -1 -13 h:38
801523764 53 -1 54 55 -13 h:39
821503764 54 -1 56 57 582 h:28
081523764 55 -1 -1 -1 -131 h:10
821563704 56 -1 -1 -1 -12 h:29
821053764 57 59 60 -1 -13 h:37
821530764 58 -1 -1 -1 -14 h:49
021853764 59 -1 -1 -1 611 h:16
821753064 60 -1 -1 -1 -12 h:28
201853764 61 -1 62 -1 634 h:47
251803764 62 -1 -1 -1 -12 h:28
210853764 63 -1 64 -1 -14 h:46
213850764 64 -1 65 66 -12 h:25
213854760 65 -1 -1 67 -12 h:24
213805764 66 -1 -1 -1 -13 h:34
213854706 67 68 -1 69 -13 h:35
213804756 68 70 -1 71 721 h:14
213854076 69 -1 -1 -1 -13 h:36
203814756 70 -1 -1 73 741 h:15
213084756 71 -1 -1 -1 -13 h:35
213840756 72 -1 -1 -1 -14 h:45
023814756 73 -1 75 -1 -13 h:34
230814756 74 -1 -1 -1 -14 h:46
823014756 75 -1 76 -1 772 h:25
823714056 76 -1 -1 -1 -12 h:26
823104756 77 78 79 -1 804 h:44
803124756 78 -1 -1 81 821 h:15
823154706 79 -1 -1 -1 -12 h:25
823140756 80 -1 -1 -1 -14 h:45
083124756 81 -1 83 -1 -13 h:36
830124756 82 -1 -1 -1 -14 h:46
183024756 83 -1 84 -1 852 h:25
183724056 84 -1 -1 -1 862 h:26
183204756 85 -1 -1 -1 -14 h:46
183724506 86 87 -1 -1 884 h:47
183704526 87 -1 -1 -1 -11 h:18
183724560 88 89 -1 -1 -14 h:46
183720564 89 90 -1 91 -11 h:17
180723564 90 -1 -1 92 -11 h:18
183702564 91 -1 -1 -1 -13 h:38
108723564 92 -1 93 94 -13 h:39
128703564 93 -1 95 96 972 h:28
018723564 94 -1 -1 -1 -131 h:10
128763504 95 -1 -1 98 992 h:29
128073564 96 -1 -1 -1 -13 h:39
128730564 97 -1 -1 -1 -14 h:49
128763054 98 100 -1 -1 -13 h:38
128763540 99 -1 -1 -1 -141 h:10
128063754 100 101 -1 -1 1021 h:17
028163754 101 -1 -1 -1 1031 h:18
128603754 102 -1 -1 -1 -14 h:48
208163754 103 -1 104 -1 1054 h:49
268103754 104 -1 -1 -1 -121 h:10
280163754 105 -1 106 -1 -14 h:48
283160754 106 -1 107 108 -12 h:27
283164750 107 -1 -1 109 -12 h:26
283106754 108 -1 -1 -1 -13 h:38
283164705 109 110 -1 111 -13 h:35
283104765 110 112 -1 113 1141 h:14
283164075 111 -1 -1 -1 -13 h:36
203184765 112 -1 -1 115 1161 h:13
283014765 113 -1 -1 -1 -13 h:35
283140765 114 -1 -1 -1 -14 h:45
023184765 115 -1 117 -1 -13 h:32
230184765 116 -1 -1 -1 -14 h:44
123084765 117 -1 118 -1 1192 h:21
123784065 118 -1 -1 -1 -12 h:22
123804765 119 120 121 -1 1224 h:40
103824765 120 -1 -1 123 1241 h:11
123864705 121 -1 -1 -1 -12 h:21
123840765 122 -1 -1 -1 -14 h:41
013824765 123 -1 125 -1 -13 h:32
130824765 124 -1 -1 -1 -14 h:42
813024765 125 -1 126 -1 1272 h:23
813724065 126 -1 -1 -1 1282 h:24
813204765 127 -1 -1 -1 -14 h:44
813724605 128 129 -1 -1 1304 h:45
813704625 129 131 -1 132 1331 h:16
813724650 130 -1 -1 -1 -14 h:46
803714625 131 -1 -1 134 1351 h:17
813074625 132 -1 -1 -1 -13 h:37
813740625 133 -1 -1 -1 -14 h:47
083714625 134 -1 136 -1 -13 h:38
830714625 135 -1 -1 -1 -14 h:48
783014625 136 -1 137 -1 1382 h:29
783614025 137 -1 -1 -1 -121 h:10
783104625 138 139 140 -1 1414 h:48
703184625 139 -1 -1 142 1431 h:17
783124605 140 -1 -1 -1 -12 h:27
783140625 141 -1 -1 -1 -14 h:49
073184625 142 -1 144 -1 -13 h:38
730184625 143 -1 -1 -1 -14 h:48
173084625 144 -1 145 -1 1462 h:27
173684025 145 -1 -1 -1 -12 h:28
173804625 146 147 148 -1 1494 h:46
103874625 147 -1 -1 150 1511 h:15
173824605 148 -1 -1 -1 -12 h:25
173840625 149 -1 -1 -1 -14 h:47
013874625 150 -1 152 -1 -13 h:36
130874625 151 -1 -1 -1 -14 h:46
813074625 152 -1 153 -1 1542 h:27
813674025 153 -1 -1 -1 -12 h:28
813704625 154 155 156 -1 1574 h:46
803714625 155 -1 -1 -1 -11 h:17
813724605 156 -1 -1 158 1592 h:25
813740625 157 -1 -1 -1 -14 h:47
813724065 158 160 -1 -1 -13 h:34
813724650 159 -1 -1 -1 -14 h:46
813024765 160 161 -1 -1 1621 h:13
013824765 161 -1 -1 -1 1631 h:12
813204765 162 -1 -1 -1 -14 h:44
103824765 163 -1 164 -1 1654 h:41
123804765 164 -1 166 167 1682 h:20
130824765 165 -1 -1 -1 -14 h:42
123864705 166 -1 -1 169 1702 h:21
123084765 167 -1 -1 -1 -13 h:31
123840765 168 -1 -1 -1 -14 h:41
123864075 169 171 -1 -1 -13 h:32
123864750 170 -1 -1 -1 -14 h:42
123064875 171 172 -1 -1 1731 h:13
023164875 172 -1 -1 -1 1741 h:14
123604875 173 -1 -1 -1 -14 h:44
203164875 174 -1 175 -1 1764 h:45
263104875 175 -1 177 178 1792 h:26
230164875 176 -1 -1 -1 -14 h:46
263174805 177 -1 -1 180 1812 h:27
263014875 178 -1 -1 -1 -13 h:37
263140875 179 -1 -1 -1 -14 h:47
263174085 180 182 -1 -1 -13 h:38
263174850 181 -1 -1 -1 -14 h:48
263074185 182 183 -1 -1 1841 h:19
063274185 183 -1 -1 -1 -111 h:10
263704185 184 185 186 -1 1874 h:48
203764185 185 -1 -1 188 1891 h:17
263784105 186 -1 -1 -1 -12 h:27
263740185 187 -1 -1 -1 -14 h:49
023764185 188 -1 190 -1 -13 h:36
230764185 189 -1 -1 -1 -14 h:48
723064185 190 -1 191 -1 1922 h:27
723164085 191 -1 -1 -1 1932 h:26
723604185 192 -1 -1 -1 -14 h:48
723164805 193 194 -1 -1 1954 h:45
723104865 194 196 -1 197 1981 h:14
723164850 195 -1 -1 -1 -14 h:46
703124865 196 -1 -1 199 2001 h:15
723014865 197 -1 -1 -1 -13 h:35
723140865 198 -1 -1 -1 -14 h:45
073124865 199 -1 201 -1 -13 h:36
730124865 200 -1 -1 -1 -14 h:46
173024865 201 -1 202 -1 2032 h:25
173824065 202 -1 -1 -1 2042 h:24
173204865 203 -1 -1 -1 -14 h:46
173824605 204 205 -1 -1 2064 h:45
173804625 205 207 -1 208 2091 h:16
173824650 206 -1 -1 -1 -14 h:46
103874625 207 -1 -1 210 2111 h:15
173084625 208 -1 -1 -1 -13 h:37
173840625 209 -1 -1 -1 -14 h:47
013874625 210 -1 212 -1 -13 h:36
130874625 211 -1 -1 -1 -14 h:46
813074625 212 -1 213 -1 2142 h:27
813674025 213 -1 -1 -1 -12 h:28
813704625 214 215 216 -1 2174 h:46
803714625 215 -1 -1 -1 -11 h:17
813724605 216 -1 -1 218 2192 h:25
813740625 217 -1 -1 -1 -14 h:47
813724065 218 220 -1 -1 -13 h:34
813724650 219 -1 -1 -1 -14 h:46
813024765 220 221 -1 -1 2221 h:13
013824765 221 -1 -1 -1 2231 h:12
813204765 222 -1 -1 -1 -14 h:44
103824765 223 -1 224 -1 2254 h:41
123804765 224 -1 226 227 2282 h:20
130824765 225 -1 -1 -1 -14 h:42
123864705 226 -1 -1 229 2302 h:21
123084765 227 -1 -1 -1 -13 h:31
123840765 228 -1 -1 -1 -14 h:41
123864075 229 231 -1 -1 -13 h:32
123864750 230 -1 -1 -1 -14 h:42
123064875 231 232 -1 -1 2331 h:13
023164875 232 -1 -1 -1 2341 h:14
123604875 233 -1 -1 -1 -14 h:44
203164875 234 -1 235 -1 2364 h:45
263104875 235 -1 237 238 2392 h:26
230164875 236 -1 -1 -1 -14 h:46
263174805 237 -1 -1 240 2412 h:27
263014875 238 -1 -1 -1 -13 h:37
263140875 239 -1 -1 -1 -14 h:47
263174085 240 242 -1 -1 -13 h:38
263174850 241 -1 -1 -1 -14 h:48
263074185 242 243 -1 -1 2441 h:19
063274185 243 -1 -1 -1 -111 h:10
263704185 244 245 246 -1 2474 h:48
203764185 245 -1 -1 248 2491 h:17
263784105 246 -1 -1 -1 -12 h:27
263740185 247 -1 -1 -1 -14 h:49
023764185 248 -1 250 -1 -13 h:36
230764185 249 -1 -1 -1 -14 h:48
723064185 250 -1 251 -1 2522 h:27
723164085 251 -1 -1 -1 2532 h:26
723604185 252 -1 -1 -1 -14 h:48
723164805 253 254 -1 -1 2554 h:45
723104865 254 256 -1 257 2581 h:14
723164850 255 -1 -1 -1 -14 h:46
703124865 256 -1 -1 259 2601 h:15
723014865 257 -1 -1 -1 -13 h:35
723140865 258 -1 -1 -1 -14 h:45
073124865 259 -1 261 -1 -13 h:36
730124865 260 -1 -1 -1 -14 h:46
173024865 261 -1 262 -1 2632 h:25
173824065 262 -1 -1 -1 2642 h:24
173204865 263 -1 -1 -1 -14 h:46
173824605 264 265 -1 -1 2664 h:45
173804625 265 267 -1 268 2691 h:16
173824650 266 -1 -1 -1 -14 h:46
103874625 267 -1 -1 270 2711 h:15
173084625 268 -1 -1 -1 -13 h:37
173840625 269 -1 -1 -1 -14 h:47
013874625 270 -1 272 -1 -13 h:36
130874625 271 -1 -1 -1 -14 h:46
813074625 272 -1 273 -1 2742 h:27
813674025 273 -1 -1 -1 -12 h:28
813704625 274 275 276 -1 2774 h:46
803714625 275 -1 -1 -1 -11 h:17
813724605 276 -1 -1 278 2792 h:25
813740625 277 -1 -1 -1 -14 h:47
813724065 278 280 -1 -1 -13 h:34
813724650 279 -1 -1 -1 -14 h:46
813024765 280 281 -1 -1 2821 h:13
013824765 281 -1 -1 -1 2831 h:12
813204765 282 -1 -1 -1 -14 h:44
103824765 283 -1 284 -1 2854 h:41
123804765 284 -1 286 287 2882 h:20
130824765 285 -1 -1 -1 -14 h:42
123864705 286 -1 -1 289 2902 h:21
123084765 287 -1 -1 -1 -13 h:31
123840765 288 -1 -1 -1 -14 h:41
123864075 289 291 -1 -1 -13 h:32
123864750 290 -1 -1 -1 -14 h:42
123064875 291 292 -1 -1 2931 h:13
023164875 292 -1 -1 -1 2941 h:14
123604875 293 -1 -1 -1 -14 h:44
203164875 294 -1 295 -1 2964 h:45
263104875 295 -1 297 298 2992 h:26
230164875 296 -1 -1 -1 -14 h:46
263174805 297 -1 -1 300 3012 h:27
263014875 298 -1 -1 -1 -13 h:37
263140875 299 -1 -1 -1 -14 h:47
263174085 300 302 -1 -1 -13 h:38
263174850 301 -1 -1 -1 -14 h:48
263074185 302 303 -1 -1 3041 h:19
063274185 303 -1 -1 -1 -111 h:10
263704185 304 305 306 -1 3074 h:48
203764185 305 -1 -1 308 3091 h:17
263784105 306 -1 -1 -1 -12 h:27
263740185 307 -1 -1 -1 -14 h:49
023764185 308 -1 310 -1 -13 h:36
230764185 309 -1 -1 -1 -14 h:48
723064185 310 -1 311 -1 3122 h:27
723164085 311 -1 -1 -1 3132 h:26
723604185 312 -1 -1 -1 -14 h:48
723164805 313 314 -1 -1 3154 h:45
723104865 314 316 -1 317 3181 h:14
723164850 315 -1 -1 -1 -14 h:46
703124865 316 -1 -1 319 3201 h:15
723014865 317 -1 -1 -1 -13 h:35
723140865 318 -1 -1 -1 -14 h:45
073124865 319 -1 321 -1 -13 h:36
730124865 320 -1 -1 -1 -14 h:46
173024865 321 -1 322 -1 3232 h:25
173824065 322 -1 -1 -1 3242 h:24
173204865 323 -1 -1 -1 -14 h:46
173824605 324 325 -1 -1 3264 h:45
173804625 325 327 -1 328 3291 h:16
173824650 326 -1 -1 -1 -14 h:46
103874625 327 -1 -1 330 3311 h:15
173084625 328 -1 -1 -1 -13 h:37
173840625 329 -1 -1 -1 -14 h:47
013874625 330 -1 332 -1 -13 h:36
130874625 331 -1 -1 -1 -14 h:46
813074625 332 -1 333 -1 3342 h:27
813674025 333 -1 -1 -1 -12 h:28
813704625 334 335 336 -1 3374 h:46
803714625 335 -1 -1 -1 -11 h:17
813724605 336 -1 -1 338 3392 h:25
813740625 337 -1 -1 -1 -14 h:47
813724065 338 340 -1 -1 -13 h:34
813724650 339 -1 -1 -1 -14 h:46
813024765 340 341 -1 -1 3421 h:13
013824765 341 -1 -1 -1 3431 h:12
813204765 342 -1 -1 -1 -14 h:44
103824765 343 -1 344 -1 3454 h:41
123804765 344 -1 346 347 3482 h:20
130824765 345 -1 -1 -1 -14 h:42
123864705 346 -1 -1 349 3502 h:21
123084765 347 -1 -1 -1 -13 h:31
123840765 348 -1 -1 -1 -14 h:41
123864075 349 351 -1 -1 -13 h:32
123864750 350 -1 -1 -1 -14 h:42
123064875 351 352 -1 -1 3531 h:13
023164875 352 -1 -1 -1 3541 h:14
123604875 353 -1 -1 -1 -14 h:44
203164875 354 -1 355 -1 3564 h:45
263104875 355 -1 357 358 3592 h:26
230164875 356 -1 -1 -1 -14 h:46
263174805 357 -1 -1 360 3612 h:27
263014875 358 -1 -1 -1 -13 h:37
263140875 359 -1 -1 -1 -14 h:47
263174085 360 362 -1 -1 -13 h:38
263174850 361 -1 -1 -1 -14 h:48
263074185 362 363 -1 -1 3641 h:19
063274185 363 -1 -1 -1 -111 h:10
263704185 364 365 366 -1 3674 h:48
203764185 365 -1 -1 368 3691 h:17
263784105 366 -1 -1 -1 -12 h:27
263740185 367 -1 -1 -1 -14 h:49
023764185 368 -1 370 -1 -13 h:36
230764185 369 -1 -1 -1 -14 h:48
723064185 370 -1 371 -1 3722 h:27
723164085 371 -1 -1 -1 3732 h:26
723604185 372 -1 -1 -1 -14 h:48
723164805 373 374 -1 -1 3754 h:45
723104865 374 376 -1 377 3781 h:14
723164850 375 -1 -1 -1 -14 h:46
703124865 376 -1 -1 379 3801 h:15
723014865 377 -1 -1 -1 -13 h:35
723140865 378 -1 -1 -1 -14 h:45
073124865 379 -1 381 -1 -13 h:36
730124865 380 -1 -1 -1 -14 h:46
173024865 381 -1 382 -1 3832 h:25
173824065 382 -1 -1 -1 3842 h:24
173204865 383 -1 -1 -1 -14 h:46
173824605 384 385 -1 -1 3864 h:45
173804625 385 387 -1 388 3891 h:16
173824650 386 -1 -1 -1 -14 h:46
103874625 387 -1 -1 390 3911 h:15
173084625 388 -1 -1 -1 -13 h:37
173840625 389 -1 -1 -1 -14 h:47
013874625 390 -1 392 -1 -13 h:36
130874625 391 -1 -1 -1 -14 h:46
813074625 392 -1 393 -1 3942 h:27
813674025 393 -1 -1 -1 -12 h:28
813704625 394 395 396 -1 3974 h:46
803714625 395 -1 -1 -1 -11 h:17
813724605 396 -1 -1 398 3992 h:25
813740625 397 -1 -1 -1 -14 h:47
813724065 398 400 -1 -1 -13 h:34
813724650 399 -1 -1 -1 -14 h:46
813024765 400 401 -1 -1 4021 h:13
013824765 401 -1 -1 -1 4031 h:12
813204765 402 -1 -1 -1 -14 h:44
103824765 403 -1 404 -1 4054 h:41
123804765 404 -1 406 407 4082 h:20
130824765 405 -1 -1 -1 -14 h:42
123864705 406 -1 -1 409 4102 h:21
123084765 407 -1 -1 -1 -13 h:31
123840765 408 -1 -1 -1 -14 h:41
123864075 409 411 -1 -1 -13 h:32
123864750 410 -1 -1 -1 -14 h:42
123064875 411 412 -1 -1 4131 h:13
023164875 412 -1 -1 -1 4141 h:14
123604875 413 -1 -1 -1 -14 h:44
203164875 414 -1 415 -1 4164 h:45
263104875 415 -1 417 418 4192 h:26
230164875 416 -1 -1 -1 -14 h:46
263174805 417 -1 -1 420 4212 h:27
263014875 418 -1 -1 -1 -13 h:37
263140875 419 -1 -1 -1 -14 h:47
263174085 420 422 -1 -1 -13 h:38
263174850 421 -1 -1 -1 -14 h:48
263074185 422 423 -1 -1 4241 h:19
063274185 423 -1 -1 -1 -111 h:10
263704185 424 425 426 -1 4274 h:48
203764185 425 -1 -1 428 4291 h:17
263784105 426 -1 -1 -1 -12 h:27
263740185 427 -1 -1 -1 -14 h:49
023764185 428 -1 430 -1 -13 h:36
230764185 429 -1 -1 -1 -14 h:48
723064185 430 -1 431 -1 4322 h:27
723164085 431 -1 -1 -1 4332 h:26
723604185 432 -1 -1 -1 -14 h:48
723164805 433 434 -1 -1 4354 h:45
723104865 434 436 -1 437 4381 h:14
723164850 435 -1 -1 -1 -14 h:46
703124865 436 -1 -1 439 4401 h:15
723014865 437 -1 -1 -1 -13 h:35
723140865 438 -1 -1 -1 -14 h:45
073124865 439 -1 441 -1 -13 h:36
730124865 440 -1 -1 -1 -14 h:46
173024865 441 -1 442 -1 4432 h:25
173824065 442 -1 -1 -1 4442 h:24
173204865 443 -1 -1 -1 -14 h:46
173824605 444 445 -1 -1 4464 h:45
173804625 445 447 -1 448 4491 h:16
173824650 446 -1 -1 -1 -14 h:46
103874625 447 -1 -1 450 4511 h:15
173084625 448 -1 -1 -1 -13 h:37
173840625 449 -1 -1 -1 -14 h:47
013874625 450 -1 452 -1 -13 h:36
130874625 451 -1 -1 -1 -14 h:46
813074625 452 -1 453 -1 4542 h:27
813674025 453 -1 -1 -1 -12 h:28
813704625 454 455 456 -1 4574 h:46
803714625 455 -1 -1 -1 -11 h:17
813724605 456 -1 -1 458 4592 h:25
813740625 457 -1 -1 -1 -14 h:47
813724065 458 460 -1 -1 -13 h:34
813724650 459 -1 -1 -1 -14 h:46
813024765 460 461 -1 -1 4621 h:13
013824765 461 -1 -1 -1 4631 h:12
813204765 462 -1 -1 -1 -14 h:44
103824765 463 -1 464 -1 4654 h:41
123804765 464 -1 466 467 4682 h:20
130824765 465 -1 -1 -1 -14 h:42
123864705 466 -1 -1 469 4702 h:21
123084765 467 -1 -1 -1 -13 h:31
123840765 468 -1 -1 -1 -14 h:41
123864075 469 -1 -1 -1 -13 h:32
123864750 470 -1 -1 -1 -14 h:42
